8 0 0 0 0 1 0 1 2 1 1 3 1 
3 0 2 1 1 2 1 1 3 1 
10 2 1 2 2 2 2 0 2 1 1 2 1 1 3 1 
11 1 0 3 0 1 0 1 2 1 1 3 1 
6 0 1 0 1 2 1 1 3 1 
3 0 2 1 1 2 1 1 3 1 
8 2 2 2 0 2 1 1 2 1 1 3 1 
11 1 0 3 0 1 0 1 2 1 1 3 1 
6 0 1 0 1 2 1 1 3 1 
3 0 2 1 1 2 1 1 3 1 
8 2 2 2 0 2 1 1 2 1 1 3 1 
11 1 0 3 0 1 0 1 2 1 1 3 1 
-1
-1
-1
-1
-1
-1
-1
-1
-1
-1
-1
-1
-1
-1
-1
-1
13 0 7 0 0 8 0 1 9 1 1 8 1 1 7 1 1 6 1 1 5 1 1 4 1 1 3 1 
8 0 9 1 1 9 1 1 8 1 1 7 1 1 6 1 1 5 1 1 4 1 1 3 1 
14 2 8 2 2 9 2 3 9 2 1 9 1 1 8 1 1 7 1 1 6 1 1 5 1 1 4 1 1 3 1 
16 1 7 3 0 8 0 1 9 1 1 8 1 1 7 1 1 6 1 1 5 1 1 4 1 1 3 1 
11 0 8 0 1 9 1 1 8 1 1 7 1 1 6 1 1 5 1 1 4 1 1 3 1 
8 0 9 1 1 9 1 1 8 1 1 7 1 1 6 1 1 5 1 1 4 1 1 3 1 
12 2 9 2 3 9 2 1 9 1 1 8 1 1 7 1 1 6 1 1 5 1 1 4 1 1 3 1 
16 1 7 3 0 8 0 1 9 1 1 8 1 1 7 1 1 6 1 1 5 1 1 4 1 1 3 1 
11 0 8 0 1 9 1 1 8 1 1 7 1 1 6 1 1 5 1 1 4 1 1 3 1 
8 0 9 1 1 9 1 1 8 1 1 7 1 1 6 1 1 5 1 1 4 1 1 3 1 
12 2 9 2 3 9 2 1 9 1 1 8 1 1 7 1 1 6 1 1 5 1 1 4 1 1 3 1 
16 1 7 3 0 8 0 1 9 1 1 8 1 1 7 1 1 6 1 1 5 1 1 4 1 1 3 1 
8 0 0 0 0 1 0 1 2 1 1 3 1 
1 1 2 1 1 3 1 
10 2 1 2 2 2 2 0 2 1 1 2 1 1 3 1 
11 1 0 3 0 1 0 1 2 1 1 3 1 
6 0 1 0 1 2 1 1 3 1 
0 1 3 1 
8 2 2 2 0 2 1 1 2 1 1 3 1 
11 1 0 3 0 1 0 1 2 1 1 3 1 
6 0 1 0 1 2 1 1 3 1 
0 1 3 1 
8 2 2 2 0 2 1 1 2 1 1 3 1 
11 1 0 3 0 1 0 1 2 1 1 3 1 
-1
0 1 3 1 
-1
14 2 1 3 2 0 3 2 2 2 0 2 1 1 2 1 1 3 1 
-1
1 1 4 1 1 3 1 
-1
15 2 2 3 2 1 3 2 0 3 2 2 2 0 2 1 1 2 1 1 3 1 
-1
2 1 5 1 1 4 1 1 3 1 
-1
16 2 3 3 2 2 3 2 1 3 2 0 3 2 2 2 0 2 1 1 2 1 1 3 1 
-1
3 1 6 1 1 5 1 1 4 1 1 3 1 
-1
17 2 4 3 2 3 3 2 2 3 2 1 3 2 0 3 2 2 2 0 2 1 1 2 1 1 3 1 
13 0 7 0 0 8 0 1 9 1 1 8 1 1 7 1 1 6 1 1 5 1 1 4 1 1 3 1 
4 1 7 1 1 6 1 1 5 1 1 4 1 1 3 1 
13 3 8 2 3 9 2 1 9 1 1 8 1 1 7 1 1 6 1 1 5 1 1 4 1 1 3 1 
16 1 7 3 0 8 0 1 9 1 1 8 1 1 7 1 1 6 1 1 5 1 1 4 1 1 3 1 
11 0 8 0 1 9 1 1 8 1 1 7 1 1 6 1 1 5 1 1 4 1 1 3 1 
5 1 8 1 1 7 1 1 6 1 1 5 1 1 4 1 1 3 1 
11 3 9 2 1 9 1 1 8 1 1 7 1 1 6 1 1 5 1 1 4 1 1 3 1 
16 1 7 3 0 8 0 1 9 1 1 8 1 1 7 1 1 6 1 1 5 1 1 4 1 1 3 1 
11 0 8 0 1 9 1 1 8 1 1 7 1 1 6 1 1 5 1 1 4 1 1 3 1 
6 1 9 1 1 8 1 1 7 1 1 6 1 1 5 1 1 4 1 1 3 1 
11 3 9 2 1 9 1 1 8 1 1 7 1 1 6 1 1 5 1 1 4 1 1 3 1 
16 1 7 3 0 8 0 1 9 1 1 8 1 1 7 1 1 6 1 1 5 1 1 4 1 1 3 1 
8 0 0 0 0 1 0 1 2 1 1 3 1 
1 1 2 1 1 3 1 
10 2 1 2 2 2 2 0 2 1 1 2 1 1 3 1 
13 2 0 3 2 2 2 0 2 1 1 2 1 1 3 1 
6 0 1 0 1 2 1 1 3 1 
0 1 3 1 
8 2 2 2 0 2 1 1 2 1 1 3 1 
13 2 0 3 2 2 2 0 2 1 1 2 1 1 3 1 
6 0 1 0 1 2 1 1 3 1 
0 1 3 1 
8 2 2 2 0 2 1 1 2 1 1 3 1 
13 2 0 3 2 2 2 0 2 1 1 2 1 1 3 1 
-1
0 1 3 1 
-1
14 2 1 3 2 0 3 2 2 2 0 2 1 1 2 1 1 3 1 
-1
1 1 4 1 1 3 1 
-1
15 2 2 3 2 1 3 2 0 3 2 2 2 0 2 1 1 2 1 1 3 1 
-1
2 1 5 1 1 4 1 1 3 1 
-1
16 2 3 3 2 2 3 2 1 3 2 0 3 2 2 2 0 2 1 1 2 1 1 3 1 
-1
3 1 6 1 1 5 1 1 4 1 1 3 1 
-1
17 2 4 3 2 3 3 2 2 3 2 1 3 2 0 3 2 2 2 0 2 1 1 2 1 1 3 1 
13 0 7 0 0 8 0 1 9 1 1 8 1 1 7 1 1 6 1 1 5 1 1 4 1 1 3 1 
4 1 7 1 1 6 1 1 5 1 1 4 1 1 3 1 
13 3 8 2 3 9 2 1 9 1 1 8 1 1 7 1 1 6 1 1 5 1 1 4 1 1 3 1 
16 3 7 3 3 9 2 1 9 1 1 8 1 1 7 1 1 6 1 1 5 1 1 4 1 1 3 1 
11 0 8 0 1 9 1 1 8 1 1 7 1 1 6 1 1 5 1 1 4 1 1 3 1 
5 1 8 1 1 7 1 1 6 1 1 5 1 1 4 1 1 3 1 
11 3 9 2 1 9 1 1 8 1 1 7 1 1 6 1 1 5 1 1 4 1 1 3 1 
16 3 7 3 3 9 2 1 9 1 1 8 1 1 7 1 1 6 1 1 5 1 1 4 1 1 3 1 
11 0 8 0 1 9 1 1 8 1 1 7 1 1 6 1 1 5 1 1 4 1 1 3 1 
6 1 9 1 1 8 1 1 7 1 1 6 1 1 5 1 1 4 1 1 3 1 
11 3 9 2 1 9 1 1 8 1 1 7 1 1 6 1 1 5 1 1 4 1 1 3 1 
16 3 7 3 3 9 2 1 9 1 1 8 1 1 7 1 1 6 1 1 5 1 1 4 1 1 3 1 
9 1 0 0 0 0 0 0 1 0 1 2 1 1 3 1 
-1
11 3 1 2 2 1 2 2 2 2 0 2 1 1 2 1 1 3 1 
-1
9 1 0 0 0 0 0 0 1 0 1 2 1 1 3 1 
-1
11 3 1 2 2 1 2 2 2 2 0 2 1 1 2 1 1 3 1 
-1
-1
-1
-1
-1
-1
-1
-1
-1
-1
-1
-1
-1
-1
-1
-1
-1
-1
-1
-1
-1
14 1 7 0 1 8 0 0 8 0 1 9 1 1 8 1 1 7 1 1 6 1 1 5 1 1 4 1 1 3 1 
8 2 9 1 1 9 1 1 8 1 1 7 1 1 6 1 1 5 1 1 4 1 1 3 1 
13 3 8 2 3 9 2 1 9 1 1 8 1 1 7 1 1 6 1 1 5 1 1 4 1 1 3 1 
16 3 7 3 3 9 2 1 9 1 1 8 1 1 7 1 1 6 1 1 5 1 1 4 1 1 3 1 
12 1 8 0 0 8 0 1 9 1 1 8 1 1 7 1 1 6 1 1 5 1 1 4 1 1 3 1 
8 2 9 1 1 9 1 1 8 1 1 7 1 1 6 1 1 5 1 1 4 1 1 3 1 
11 3 9 2 1 9 1 1 8 1 1 7 1 1 6 1 1 5 1 1 4 1 1 3 1 
16 3 7 3 3 9 2 1 9 1 1 8 1 1 7 1 1 6 1 1 5 1 1 4 1 1 3 1 
12 1 8 0 0 8 0 1 9 1 1 8 1 