11111111111111111111111111111111111111111111111111
11111111111111110000000000000000000001111111111111
11111111111111110000000000000000000001111111111111
11111111111111110000000000000000000001111111111111
11111111111111110000000000000000000001111111111111
11111111111111110000000000000000000001111111111111
11111111111111110000000000000000000001111111111111
22210000000000111111111111111111111111111111111111
22210000000000111111111111111111111111111111111111
11111111111111111111111111111111111111111111111111
11111111111111100011111111111111111111111111111111
11111111111111100011111111111111111111111111111111
11111111111111100011111111111111111111111111111111
