1110111111100111111111101111111001111111
1111111111111111111111101111111001111111
1111111111111111111111111110111111111111
0110000000000111111101100000000001111111
0111111101111111100101111111011111111111
0111100111111110111101111101111111111111
1111110111110001111222111101011111111111
1111111101111111111222111111011111111111
0110000000000111111101100000000001111111
0111111111111111111101111111111111111111
1111111011111111111101100000000001111111
0110000000000111111101111111011111111001
0111111101111111111101111001111111101111
0111110111111111111111111101111100011111
1111110101111111111111111111011111111111
1111111101111111111101100000000001111111
0110000000000111111101111111111111111111
0111111111111111111111111111111111111111
1111111011111111111101100000000001111111
0110000000000111111101111111011111111001
0111111101111111111101111001111111101111
0111110111111111111111111101111100011111
1111110101111111111111111111011111111111
1111111101111111111101100000000001111111
0110000000000111111101111111111111111111